1 1
1 2
1 3
1 4
1 5
1 6
1 7
1 8
1 9
1 10
1 11
1 12
1 13
1 14
1 15
1 16
1 17
1 18
1 19
1 20
1 21
1 22
1 23
1 24
1 25
1 26
1 27
1 28
1 29
1 30
1 31
1 32
1 33
1 34
1 35
1 36
1 37
1 38
1 39
1 40
1 41
1 42
1 43
1 44
1 45
1 46
1 47
1 48
1 49
1 50
1 51
1 52
1 53
1 54
1 55
1 56
1 57
1 58
1 59
1 60
1 61
1 62
1 63
1 64
1 65
1 66
1 67
1 68
1 69
1 70
1 71
1 72
1 73
1 74
1 75
1 76
1 77
1 78
1 79
1 80
1 81
1 82
1 83
1 84
1 85
1 86
1 87
1 88
1 89
1 90
1 91
1 92
1 93
1 94
1 95
1 96
1 97
1 98
1 99
1 100
1 101
1 102
1 103
1 104
1 105
1 106
1 107
1 108
1 109
1 110
1 111
1 112
1 113
1 114
1 115
1 116
1 117
1 118
1 119
1 120
1 121
1 122
1 123
1 124
1 125
1 126
1 127
1 128
1 129
1 130
1 131
1 132
1 133
1 134
1 135
1 136
1 137
1 138
1 139
1 140
1 141
1 142
1 143
1 144
1 145
1 146
1 147
1 148
1 149
1 150
1 151
1 152
1 153
1 154
1 155
1 156
1 157
1 158
1 159
1 160
1 161
1 162
1 163
1 164
1 165
1 166
1 167
1 168
1 169
1 170
1 171
1 172
1 173
1 174
1 175
1 176
1 177
1 178
1 179
1 180
1 181
1 182
1 183
1 184
1 185
1 186
1 187
1 188
1 189
1 190
1 191
1 192
1 193
1 194
1 195
1 196
1 197
1 198
1 199
1 200
1 201
1 202
1 203
1 204
1 205
1 206
1 207
1 208
1 209
1 210
1 211
1 212
1 213
1 214
1 215
1 216
1 217
1 218
1 219
1 220
1 221
1 222
1 223
1 224
1 225
1 226
1 227
1 228
1 229
1 230
1 231
1 232
1 233
1 234
1 235
1 236
1 237
1 238
1 239
1 240
1 241
1 242
1 243
1 244
1 245
1 246
1 247
1 248
1 249
1 250
1 251
1 252
1 253
1 254
1 255
1 256
1 257
1 258
1 259
1 260
1 261
1 262
1 263
1 264
1 265
1 266
1 267
1 268
1 269
1 270
1 271
1 272
1 273
1 274
1 275
1 276
1 277
1 278
1 279
1 280
1 281
1 282
1 283
1 284
1 285
1 286
1 287
1 288
1 289
1 290
1 291
1 292
1 293
1 294
1 295
1 296
1 297
1 298
1 299
1 300
1 301
1 302
1 303
1 304
1 305
1 306
1 307
1 308
1 309
1 310
1 311
1 312
1 313
1 314
1 315
1 316
1 317
1 318
1 319
1 320
1 321
1 322
1 323
1 324
1 325
1 326
1 327
1 328
1 329
1 330
1 331
1 332
1 333
1 334
1 335
1 336
1 337
1 338
1 339
1 340
1 341
1 342
1 343
1 344
1 345
1 346
1 347
1 348
1 349
1 350
1 351
1 352
1 353
1 354
1 355
1 356
1 357
1 358
1 359
1 360
1 361
1 362
1 363
1 364
1 365
1 366
1 367
1 368
1 369
1 370
1 371
1 372
1 373
1 374
1 375
1 376
1 377
1 378
1 379
1 380
1 381
1 382
1 383
1 384
1 385
1 386
1 387
1 388
1 389
1 390
1 391
2 1
2 392
2 12
2 393
2 394
2 395
2 396
2 397
2 398
2 399
2 400
2 401
2 402
2 403
2 404
2 405
2 406
2 407
2 28
2 408
2 409
2 410
2 411
2 412
2 413
2 414
2 391
3 1
3 415
3 416
3 163
3 417
3 418
3 419
3 420
3 421
3 422
3 423
3 424
3 425
3 426
3 427
3 428
3 375
3 231
3 51
3 429
3 374
3 430
3 431
3 385
3 386
3 387
3 388
3 389
3 390
3 432
3 433
3 434
3 435
3 436
3 437
3 438
3 439
3 440
3 190
3 191
3 192
3 193
3 194
3 195
3 441
3 442
3 443
3 444
3 445
3 446
3 447
3 448
3 449
3 450
3 451
3 452
3 453
3 454
3 455
3 456
3 457
3 458
3 459
3 460
3 461
3 462
3 463
3 464
3 465
3 466
3 467
3 468
3 469
3 470
3 471
3 472
3 473
3 474
3 475
3 476
3 477
3 478
3 479
3 480
3 118
3 481
3 482
3 119
3 483
3 121
3 120
3 484
3 485
3 122
3 123
3 486
3 487
3 488
3 342
3 343
3 489
3 490
3 491
3 492
3 493
3 494
3 495
3 496
3 497
3 498
3 499
3 500
3 501
3 344
3 346
3 345
3 347
3 502
3 503
3 504
3 505
3 506
3 507
3 508
3 509
3 391
4 1
4 106
4 20
4 510
4 511
4 19
4 88
4 22
4 90
4 512
4 91
4 513
4 514
4 515
4 516
4 517
4 518
4 519
4 520
4 521
4 522
4 523
4 524
4 525
4 526
4 527
4 528
4 529
4 530
4 531
4 532
4 533
4 534
4 535
4 536
4 537
4 538
4 539
4 540
4 541
4 542
4 543
4 544
4 545
4 546
4 547
4 548
4 549
4 550
4 551
4 552
4 553
4 554
4 555
4 556
4 557
4 558
4 559
4 560
4 561
4 562
4 563
4 564
4 565
4 566
4 567
4 568
4 569
4 570
4 571
4 572
4 573
4 574
4 575
4 576
4 577
4 578
4 579
4 580
4 581
4 582
4 583
4 584
4 585
4 586
4 587
4 588
4 589
4 590
4 591
4 592
5 593
5 3
5 4
5 5
5 7
5 8
5 10
5 415
5 23
5 24
5 45
5 2
5 13
5 594
5 15
5 16
5 17
5 595
5 596
5 18
5 597
5 598
5 599
5 124
5 6
5 600
5 410
5 411
5 28
5 601
5 14
5 417
5 465
5 466
5 467
5 468
5 469
5 470
5 471
5 472
5 473
5 474
5 475
5 476
5 477
5 478
5 479
5 602
5 603
5 604
5 605
5 606
5 607
5 608
5 609
5 610
5 611
5 612
5 613
5 614
5 615
5 616
5 617
5 618
5 619
5 620
5 621
5 622
5 623
5 624
5 625
5 626
5 627
5 628
5 629
5 630
5 631
5 632
5 633
5 634
5 635
5 636
5 637
5 638
5 639
5 640
5 641
5 642
5 643
5 644
5 645
5 646
5 647
5 648
5 649
5 650
5 651
5 652
5 653
5 654
5 655
5 656
5 657
5 658
5 659
5 660
5 661
5 662
5 663
5 664
5 665
5 666
5 667
5 668
5 669
5 670
5 671
5 672
5 673
5 674
5 675
5 676
5 677
5 678
5 679
5 680
5 681
5 682
5 683
5 684
5 685
5 686
5 687
5 688
5 689
5 690
5 691
5 134
5 84
5 83
5 140
5 141
5 135
5 142
5 136
5 143
5 692
5 693
5 125
5 694
5 76
5 695
5 126
5 696
5 697
5 74
5 148
5 131
5 75
5 132
5 698
5 699
5 700
5 133
5 383
5 137
5 149
5 138
5 71
5 73
5 139
5 144
5 72
5 145
5 146
5 147
5 150
5 701
5 151
5 702
5 703
5 704
5 705
5 706
5 707
5 708
5 709
5 710
5 711
5 712
5 713
5 714
5 715
5 716
5 717
5 718
5 719
5 720
5 721
5 722
5 723
5 724
5 725
5 726
5 727
5 728
5 729
5 730
5 731
5 732
5 733
5 734
5 735
5 736
5 737
5 738
5 739
5 740
5 741
5 742
5 743
5 744
5 745
5 746
5 747
5 748
5 749
5 750
5 751
5 752
5 753
5 754
5 755
5 756
5 757
5 758
5 759
5 760
5 761
5 762
5 763
5 764
5 765
5 766
5 767
5 768
5 769
5 770
5 771
5 772
5 773
5 774
5 775
5 776
5 777
5 778
5 779
5 780
5 781
5 782
5 783
5 784
5 785
5 786
5 787
5 788
5 789
5 790
5 791
5 792
5 793
5 794
5 795
5 796
5 797
5 798
5 799
5 800
5 801
5 802
5 803
5 804
5 805
5 391
6 1
6 806
6 152
6 14
6 807
6 808
6 391
7 1
7 7
7 809
7 158
7 160
7 810
7 163
7 811
7 812
7 159
7 813
7 814
7 164
7 815
7 816
7 817
7 818
7 161
7 162
7 819
7 820
7 821
7 822
7 823
7 382
7 67
7 824
7 825
7 171
7 826
7 172
7 173
7 174
7 180
7 181
7 60
7 56
7 185
7 184
7 186
7 64
7 62
7 61
7 63
7 827
7 65
7 166
7 167
7 168
7 169
7 828
7 66
7 48
7 385
7 829
7 430
7 375
7 49
7 374
7 830
7 831
7 832
7 833
7 834
7 835
7 836
7 837
7 838
7 175
7 176
7 177
7 178
7 179
7 839
7 840
7 841
7 842
7 843
7 844
7 845
7 846
7 847
7 848
7 849
7 850
7 851
7 852
7 853
7 854
7 855
7 856
7 857
7 858
7 859
7 183
7 860
7 861
7 862
7 863
7 864
7 865
7 866
7 867
7 868
7 869
7 870
7 871
7 872
7 873
7 874
7 875
7 876
7 877
7 878
7 879
7 880
7 881
7 882
7 883
7 884
7 157
7 885
7 886
7 887
7 888
7 889
7 890
7 891
7 892
7 893
7 894
7 895
7 896
7 897
7 898
7 899
7 900
7 165
7 901
7 902
7 903
7 904
7 905
7 906
7 907
7 908
7 909
7 910
7 911
7 912
7 913
7 914
7 915
7 916
7 917
7 918
7 919
7 920
7 921
7 922
7 923
7 924
7 925
7 170
7 182
7 926
7 59
7 57
7 58
7 927
7 928
7 929
7 930
7 931
7 932
7 933
7 934
7 935
7 936
7 937
7 938
7 939
7 940
7 941
7 942
7 943
7 944
7 945
7 946
7 947
7 948
7 949
7 950
7 951
7 952
7 953
7 954
7 955
7 956
7 957
7 958
7 959
7 960
7 961
7 962
7 963
7 964
7 965
7 966
7 967
7 968
7 969
7 970
7 971
7 972
7 973
7 974
7 975
7 976
7 977
7 978
7 979
7 980
7 981
7 982
7 983
7 984
7 985
7 986
7 987
7 988
7 989
7 990
7 391
8 1
8 8
8 991
8 992
8 993
8 994
8 995
8 996
8 997
8 424
8 9
8 998
8 197
8 198
8 999
8 1000
8 1001
8 1002
8 196
8 215
8 203
8 205
8 206
8 214
8 202
8 208
8 209
8 211
8 218
8 221
8 216
8 199
8 204
8 207
8 212
8 213
8 200
8 389
8 50
8 1003
8 1004
8 1005
8 1006
8 1007
8 1008
8 1009
8 1010
8 450
8 451
8 452
8 453
8 454
8 455
8 1011
8 1012
8 1013
8 1014
8 1015
8 1016
8 1017
8 1018
8 1019
8 1020
8 1021
8 1022
8 1023
8 1024
8 1025
8 1026
8 1027
8 1028
8 1029
8 1030
8 1031
8 1032
8 1033
8 1034
8 1035
8 1036
8 1037
8 210
8 217
8 219
8 220
8 1038
8 1039
8 1040
8 1041
8 1042
8 1043
8 1044
8 1045
8 1046
8 1047
8 1048
8 1049
8 1050
8 1051
8 1052
8 1053
8 1054
8 1055
8 391
9 1
9 1056
9 1057
9 1058
9 1059
9 1060
9 1061
9 1062
9 50
9 1063
9 1064
9 1065
9 216
9 207
9 212
9 213
9 199
9 1066
9 1067
9 391
10 1
10 10
10 418
10 31
10 32
10 37
10 36
10 34
10 35
10 33
10 38
10 39
10 46
10 1068
10 43
10 44
10 42
10 40
10 41
10 24
10 23
10 45
10 47
10 226
10 228
10 230
10 229
10 227
10 231
10 77
10 237
10 78
10 238
10 243
10 244
10 80
10 79
10 245
10 248
10 340
10 1069
10 342
10 343
10 489
10 490
10 491
10 492
10 493
10 494
10 495
10 496
10 249
10 242
10 1070
10 1071
10 1072
10 1073
10 1074
10 1075
10 1076
10 239
10 241
10 246
10 253
10 256
10 1077
10 250
10 1078
10 233
10 247
10 257
10 1079
10 1080
10 1081
10 1082
10 1083
10 240
10 1084
10 1085
10 1086
10 1087
10 232
10 234
10 235
10 236
10 254
10 255
10 1088
10 1089
10 1090
10 1091
10 1092
10 1093
10 1094
10 1095
10 1096
10 1097
10 1098
10 1099
10 1100
10 1101
10 1102
10 1103
10 1104
10 1105
10 1106
10 1107
10 1108
10 1109
10 1110
10 1111
10 1112
10 1113
10 1114
10 25
10 331
10 335
10 341
10 332
10 339
10 1115
10 1116
10 27
10 1117
10 251
10 252
10 1118
10 1119
10 1120
10 1121
10 1122
10 1123
10 1124
10 1125
10 1126
10 1127
10 1128
10 1129
10 1130
10 1131
10 1132
10 391
11 11
11 1
11 1133
11 1134
11 1135
11 86
11 1136
11 377
11 1137
11 1138
11 1139
11 378
11 1140
11 379
11 1141
11 380
11 1142
11 1143
11 1144
11 1145
11 1146
11 381
11 1147
11 1148
11 1149
11 1150
11 1151
11 1152
11 1153
11 1154
11 1155
11 1156
11 1157
11 1158
11 1159
11 1160
11 593
11 1161
11 1162
11 1163
11 1164
11 1165
11 1166
11 1167
11 1168
11 1169
11 1170
11 1171
11 1172
11 1173
11 1174
11 1175
11 1176
11 1177
11 1178
11 1179
11 1180
11 1181
11 1182
11 1183
11 1184
11 1185
11 1186
11 1187
11 1188
11 1189
11 1190
11 1191
11 1192
11 1193
11 1194
11 1195
11 1196
11 1197
11 1198
11 1199
11 1200
11 1201
11 1202
11 1203
11 1204
11 1205
11 1206
11 1207
11 1208
11 1209
11 1210
11 1211
11 1212
11 1213
11 1214
11 1215
11 1216
11 1217
11 1218
11 1219
11 1220
12 1221
12 1222
12 1223
12 1224
12 1225
12 1226
12 1227
12 1228
12 1229
12 1230
12 1231
12 1232
12 1233
12 1234
12 1235
12 1236
12 1237
12 1238
12 1239
12 1240
12 1241
12 1242
12 1243
12 1244
12 1245
12 1246
12 1247
12 1248
12 1249
12 1250
13 1
13 5
13 1251
13 605
13 1252
13 1253
13 1254
13 594
13 15
13 16
13 17
13 1255
13 735
13 1256
13 1257
13 1258
13 1259
13 726
13 1260
13 1261
13 1262
13 717
13 1263
13 1264
13 1265
13 721
13 1266
13 1267
13 1268
13 1269
13 715
13 734
13 719
13 732
13 1270
13 1271
13 1272
13 1273
13 1274
13 1275
13 724
13 722
13 1276
13 1277
13 612
13 1278
13 1279
13 1280
13 1281
13 1282
13 745
13 84
13 140
13 141
13 142
13 143
13 692
13 693
13 125
13 694
13 126
13 132
13 700
13 149
13 146
13 1283
13 1284
13 599
13 83
13 1285
13 391
14 1
14 5
14 679
14 618
14 1286
14 718
14 709
14 13
14 15
14 16
14 17
14 1255
14 744
14 598
14 1287
14 714
14 1288
14 717
14 716
14 715
14 1289
14 1290
14 1291
14 1292
14 1293
14 1294
14 1295
14 1296
14 1297
14 1272
14 1298
14 1299
14 1300
14 1301
14 1302
14 6
14 472
14 434
14 437
14 438
14 72
14 1303
14 1304
14 1305
14 134
14 74
14 383
14 138
14 71
14 73
14 1306
14 75
14 746
14 696
14 708
14 749
14 1307
14 1308
14 136
14 1309
14 1310
14 1311
14 1312
14 1313
14 1314
14 747
14 76
14 1315
14 1316
14 1317
14 1318
14 133
14 1319
14 1320
14 1321
14 1322
14 135
14 147
14 1323
14 1324
14 1325
14 1326
14 1327
14 1328
14 1329
14 1330
14 1331
14 1332
14 1333
14 1334
14 1335
14 152
14 1336
14 1337
14 599
14 1338
14 594
14 1339
14 1340
14 391
14 1341
14 1342
14 1343
14 1344
14 1345
14 1346
14 1347
14 1348
14 1349
14 1350
15 1
15 5
15 680
15 624
15 1351
15 723
15 710
15 13
15 14
15 16
15 17
15 1255
15 744
15 598
15 719
15 720
15 721
15 1352
15 722
15 1353
15 1354
15 1355
15 1356
15 1357
15 1358
15 1359
15 1360
15 1361
15 1362
15 1363
15 1364
15 1365
15 1366
15 1367
15 595
15 1368
15 1369
15 436
15 1370
15 1371
15 126
15 1372
15 1373
15 1374
15 1375
15 1376
15 83
15 140
15 143
15 125
15 694
15 132
15 700
15 133
15 701
15 702
15 1377
15 695
15 1378
15 1379
15 1380
15 1381
15 84
15 141
15 142
15 692
15 693
15 697
15 75
15 698
15 699
15 704
15 1382
15 1383
15 750
15 1384
15 1385
15 1386
15 1387
15 1388
15 1389
15 1338
15 599
15 1390
15 1391
15 1392
15 391
15 1393
15 1394
15 1344
15 1395
15 1396
15 1397
15 1349
15 1398
16 1
16 5
16 681
16 631
16 1399
16 728
16 711
16 13
16 14
16 15
16 17
16 1255
16 744
16 598
16 1400
16 1401
16 724
16 726
16 725
16 1402
16 727
16 1403
16 1404
16 1405
16 1406
16 1407
16 1408
16 1409
16 1410
16 1411
16 1412
16 1413
16 1414
16 595
16 1415
16 387
16 1416
16 1417
16 144
16 1418
16 1419
16 148
16 758
16 1420
16 1421
16 1422
16 1423
16 1424
16 1425
16 1426
16 1427
16 139
16 1428
16 1429
16 1430
16 1431
16 1432
16 757
16 762
16 770
16 1433
16 1434
16 1435
16 1436
16 1437
16 756
16 1284
16 1438
16 1439
16 1440
16 759
16 761
16 769
16 1441
16 1442
16 1443
16 1444
16 1445
16 1383
16 1446
16 1447
16 1448
16 1449
16 1450
16 1451
16 1452
16 1453
16 599
16 1338
16 391
16 1454
16 1455
16 1456
16 1457
16 1458
16 1459
16 1460
17 1
17 5
17 1461
17 712
17 733
17 682
17 1462
17 13
17 599
17 149
17 593
17 693
17 146
17 150
17 151
17 773
17 1133
17 641
17 477
17 604
17 642
17 643
17 1463
17 1464
17 1465
17 1466
17 1467
17 1468
17 1469
17 1470
17 1471
17 1472
17 1473
17 1474
17 1475
17 1476
17 1477
17 1478
17 730
17 1479
17 1480
17 771
17 772
17 1481
17 1482
17 1483
17 1484
17 1485
17 1486
17 1487
17 1488
17 1489
17 1490
17 1491
17 1492
17 391
17 1383
18 1
18 25
18 1493
18 1494
18 1495
18 1496
18 1497
18 1498
18 1499
18 1500
18 1501
18 1502
18 1503
18 1504
18 1505
18 1506
18 1507
18 1508
18 1509
18 1510
18 1511
18 1512
18 1513
18 1514
18 1515
18 1516
18 1517
18 1518
18 1519
18 1520
18 1521
18 1522
18 1523
18 1524
18 1525
18 1526
18 1527
18 1528
18 1529
18 1530
18 1531
18 391
19 1
19 25
19 1532
19 528
19 1533
19 527
19 1534
19 4
19 20
19 1535
19 1536
19 1537
19 1538
19 1539
19 1540
19 1541
19 1542
19 1543
19 1544
19 1545
19 1546
19 1547
19 1548
19 1549
19 1550
19 1551
19 1552
19 1553
19 1554
19 1555
19 1556
19 1557
19 1558
19 1559
19 1560
19 391
20 1
20 4
20 1561
20 1562
20 1563
20 510
20 517
20 518
20 1564
20 1565
20 1566
20 1247
20 1567
20 1568
20 1569
20 1570
20 1571
20 1572
20 1573
20 1574
20 1575
20 1576
20 1577
20 1578
20 1579
20 1580
20 1581
20 1582
20 1583
20 118
20 119
20 120
20 121
20 485
20 122
20 123
20 487
20 106
20 1584
20 92
20 94
20 81
20 102
20 103
20 104
20 112
20 113
20 97
20 98
20 99
20 100
20 101
20 108
20 1585
20 1586
20 1587
20 1588
20 1589
20 1590
20 1591
20 1592
20 1593
20 109
20 1594
20 1595
20 1596
20 1597
20 1598
20 1599
20 1600
20 1601
20 1602
20 1603
20 1604
20 1605
20 1606
20 1607
20 1608
20 1609
20 1610
20 1611
20 1612
20 1613
20 1614
20 1615
20 1616
20 1617
20 1618
20 1619
20 1620
20 1621
20 1622
20 1623
20 1624
20 1625
20 1626
20 1627
20 1628
20 1629
20 1630
20 1631
20 1632
20 1633
20 1634
20 1635
20 1636
20 1637
20 1638
20 1639
20 1640
20 1641
20 1642
20 1643
20 1644
20 1645
20 1646
20 1647
20 1648
20 1649
20 1650
20 1651
20 1652
20 1653
20 1654
20 1655
20 1656
20 1657
20 1658
20 1659
20 20
20 1660
20 1661
20 1662
20 1663
20 1664
20 1665
20 1666
20 1667
20 1668
20 1669
20 516
20 1670
20 1133
20 391
20 1671
20 1672
20 1673
20 1674
20 110
20 1675
20 1676
20 1677
20 1678
20 1679
20 1680
20 1681
20 1682
20 1683
20 1684
20 1685
20 1686
20 1687
20 1688
20 1689
20 1690
20 1691
20 1692
20 1693
20 1694
20 1695
20 1696
20 1697
20 1698
20 1699
20 1700
20 1701
20 1702
20 1703
20 1704
20 1705
20 1706
20 1707
20 1708
20 1709
20 1710
20 1711
20 1712
20 1713
20 1714
20 1715
20 1716
20 1717
20 1718
20 1719
20 1720
20 1721
20 1722
20 1723
20 1724
20 1725
20 1726
20 1727
20 1728
20 1729
20 1730
20 1731
20 1732
20 1733
20 1734
20 1735
20 1736
20 1737
20 1738
20 1739
20 1740
20 1741
20 1742
20 1743
20 1744
20 1745
20 1746
20 1747
20 1748
20 1749
20 1750
20 1751
20 1752
20 1753
20 1754
20 1755
20 1756
20 1757
20 1758
20 1759
20 1760
20 1761
20 1762
20 1763
20 1764
20 1765
20 1766
20 1767
20 1768
20 1769
20 1770
20 1771
20 1772
20 1773
20 1774
20 1775
20 1776
20 1777
20 1778
20 1779
20 1780
20 1781
20 1782
20 1783
20 1784
20 1785
20 1786
20 1787
20 1788
20 1789
20 1790
20 1791
20 1792
20 1793
20 1794
20 1795
20 1796
20 93
20 85
20 1797
20 1798
20 1799
20 1800
20 1801
20 1802
20 1803
20 1804
20 1805
20 1806
20 1807
20 1808
20 1809
20 1810
20 1811
20 1812
20 1813
20 1814
20 1815
20 1816
20 1817
20 1818
20 1819
21 1820
21 1
21 425
21 1821
21 1822
21 1823
21 1824
21 1825
21 1826
21 1827
21 1828
21 1829
21 1830
21 1831
21 1832
21 1833
21 1834
21 1835
21 1836
21 1837
21 1838
21 1839
21 1840
21 1841
21 1842
21 95
21 96
21 1622
21 85
21 111
21 105
21 107
21 1676
21 1843
21 1844
21 1845
21 93
21 1797
21 1846
21 1847
21 1848
21 1849
21 1850
21 1851
21 1852
21 110
21 1675
21 1853
21 1854
21 1855
21 1856
21 1857
21 1858
21 1859
21 1860
21 1861
21 1862
21 1863
21 1864
21 1865
21 1866
21 1867
21 1868
21 1869
21 1870
21 1871
21 1872
21 1873
21 1874
21 1875
21 1876
21 1877
21 1878
21 1879
21 1880
21 1881
21 1882
21 1883
21 1884
21 1885
21 1886
21 1887
21 1888
21 1889
21 1890
21 1891
21 1892
21 1893
21 1894
21 1895
21 1896
21 1897
21 1898
21 1899
21 1900
21 1901
21 1902
21 1903
21 1904
21 1905
21 1906
21 1907
21 1908
21 1909
21 1910
21 1911
21 1912
21 1913
21 1914
21 1915
21 1916
21 1917
21 1918
21 1919
21 1920
21 1921
21 1922
21 1923
21 1924
21 1925
21 1926
21 1927
21 1928
21 1929
21 1930
21 1931
21 1932
21 1933
21 1934
21 1935
21 1936
21 1937
21 1938
21 1939
21 1940
21 1941
21 1942
21 1943
21 1944
21 1945
21 1946
21 1947
21 1948
21 1949
21 391
22 1
22 1950
22 1951
22 1952
22 1953
22 1954
22 1955
22 1956
22 1957
22 1958
22 1959
22 1960
22 114
22 1961
22 1962
22 1963
22 115
22 116
22 117
22 1964
22 1965
22 1966
22 1967
22 1968
22 1969
22 1970
22 1971
22 1972
22 1973
22 1974
22 1975
22 1976
22 1977
22 1978
22 1979
22 1980
22 1981
22 1982
22 1983
22 1984
22 1985
22 1986
22 1987
22 1988
22 1989
22 1990
22 1991
22 1992
22 1993
22 1994
23 1
23 1995
23 1996
23 1997
23 1998
23 1999
23 2000
23 2001
23 2002
23 2003
23 2004
23 2005
23 2006
23 2007
23 2008
23 2009
23 2010
23 2011
23 2012
23 2013
23 70
23 2014
23 69
23 68
23 281
23 2015
23 2016
23 2017
23 2018
23 2019
23 2020
23 2021
23 2022
23 2023
23 2024
23 2025
23 2026
23 2027
23 2028
23 2029
23 2030
23 2031
23 2032
23 2033
23 2034
23 2035
23 2036
23 420
23 347
23 2037
23 2038
23 2039
23 2040
23 2041
23 2042
23 2043
23 2044
23 2045
23 2046
23 2047
23 2048
23 2049
23 2050
23 2051
23 2052
23 2053
23 2054
23 2055
23 2056
23 2057
23 2058
23 2059
23 2060
23 2061
23 2062
23 2063
23 2064
23 2065
23 2066
23 2067
23 2068
23 2069
23 2070
23 2071
23 2072
23 2073
23 2074
23 2075
23 2076
23 2077
23 2078
23 2079
23 2080
23 2081
23 2082
23 2083
23 282
23 283
23 2084
23 2085
23 2086
23 2087
23 2088
23 2089
23 2090
23 391
24 1
24 4
24 5
24 2091
24 7
24 10
24 2092
24 3
24 25
24 26
24 16
24 594
24 15
24 24
24 23
24 2093
24 2094
24 2095
24 419
24 2096
24 2097
24 2098
24 2099
24 2100
24 2101
24 2102
24 2103
24 2104
24 2105
24 2106
24 269
24 2107
24 2108
24 2109
24 2110
24 2111
24 271
24 272
24 2112
24 2113
24 2114
24 409
24 2115
24 2116
24 2117
24 2118
24 2119
24 2120
24 2121
24 2122
24 2123
24 2124
24 2125
24 2126
24 2127
24 265
24 2128
24 2129
24 2130
24 2131
24 2132
24 2133
24 2134
24 2135
24 2136
24 264
24 266
24 267
24 2137
24 2138
24 2139
24 2140
24 2141
24 2142
24 2143
24 2144
24 2145
24 2146
24 2147
24 2148
24 2149
24 270
24 2150
24 2151
24 2152
24 2153
24 2154
24 2155
24 2156
24 2157
24 2158
24 2159
24 2160
24 2161
24 2162
24 2163
24 2164
24 2165
24 2166
24 2167
24 2168
24 2169
24 2170
24 2171
24 2172
24 2173
24 2174
24 2175
24 2176
24 2177
24 2178
24 2179
24 2180
24 2181
24 2182
24 2183
24 2184
24 2185
24 2186
24 2187
24 2188
24 2189
24 2190
24 2191
24 2192
24 2193
24 2194
24 2195
24 2196
24 2197
24 2198
24 2199
24 2200
24 2201
24 2202
24 2203
24 2204
24 2205
24 2206
24 2207
24 2208
24 2209
24 2210
24 2211
24 2212
24 2213
24 2214
24 2215
24 2216
24 2217
24 2218
24 2219
24 2220
24 2221
24 2222
24 2223
24 2224
24 2225
24 2226
24 2227
24 2228
24 2229
24 2230
24 391
25 1
25 25
25 334
25 2231
25 2232
25 2233
25 2103
25 2234
25 2235
25 2151
25 2152
25 2236
25 269
25 2237
25 2238
25 2239
25 2240
25 2241
25 2242
25 2243
25 2244
25 2108
25 2245
25 2107
25 2246
25 2247
25 2248
25 2249
25 2250
25 2251
25 2252
25 2253
25 2254
25 2255
25 2256
25 2257
25 2258
25 2259
25 2260
25 2261
25 2262
25 2263
25 2264
25 2265
25 2266
25 91
25 515
25 2267
25 2268
25 88
25 2269
25 2270
25 2271
25 2272
25 2273
25 2274
25 2275
25 2276
25 2277
25 2278
25 2279
25 2280
25 1567
25 2281
25 2282
25 2283
25 2284
25 2285
25 2286
25 2287
25 2288
25 2289
25 2290
25 2291
25 2292
25 2293
25 2294
25 2295
25 2296
25 2297
25 512
25 2298
25 2299
25 2300
25 2301
25 2302
25 2303
25 2304
25 2305
25 2306
25 2307
25 2308
25 2309
25 2310
25 2311
25 2312
25 2313
25 2314
25 2315
25 2316
25 90
25 2317
25 592
25 2318
25 20
25 2319
25 89
25 2320
25 2321
25 514
25 2322
25 2323
25 22
25 2324
25 2325
25 2326
25 2327
25 2328
25 2329
25 2330
25 2331
25 2332
25 2333
25 2334
25 2335
25 2336
25 2337
25 2338
25 2339
25 2340
25 2341
25 2342
25 2343
25 2344
25 2345
25 2346
25 2347
25 2348
25 2349
25 2350
25 19
25 2351
25 538
25 2352
25 2353
25 571
25 2354
25 2355
25 2356
25 2357
25 2358
25 2359
25 2360
25 2361
25 2362
25 2363
25 2364
25 2365
25 2366
25 2367
25 1669
25 2368
25 2369
25 513
25 2370
25 2371
25 2372
25 2373
25 2374
25 2375
25 2376
25 18
25 2377
25 6
25 681
25 679
25 682
25 2378
25 2379
25 999
25 2380
25 740
25 2381
25 2382
25 2383
25 2384
25 2385
25 2386
25 2387
25 2388
25 2389
25 2390
25 2391
25 2392
25 2393
25 2394
25 2395
25 2396
25 2397
25 2398
25 2399
25 1339
25 2400
25 2401
25 2402
25 2403
25 2404
25 2405
25 2406
25 528
25 599
25 2407
25 2408
25 2409
25 2410
25 2411
25 2412
25 13
25 15
25 2413
25 2414
25 2415
25 2416
25 2417
25 152
25 2418
25 596
25 2419
25 683
25 680
25 595
25 597
25 2420
25 744
25 2421
25 2422
25 2423
25 1521
25 2424
25 2425
25 124
25 2426
25 2427
25 2428
25 2429
25 2430
25 2431
25 2432
25 2433
25 2434
25 2435
25 2436
25 2437
25 2438
25 2439
25 2440
25 1285
25 2441
25 598
25 1390
25 2442
25 2443
25 2444
25 2445
25 17
25 2446
25 2447
25 2448
25 743
25 2449
25 2450
25 2451
25 2452
25 2453
25 2454
25 2455
25 14
25 2456
25 2457
25 340
25 2458
25 339
25 2459
25 2460
25 2461
25 2462
25 2463
25 2464
25 2465
25 2466
25 2467
25 2468
25 2469
25 2470
25 2471
25 337
25 2472
25 2473
25 2474
25 2475
25 2476
25 2477
25 2478
25 2479
25 2480
25 2481
25 2482
25 2483
25 2484
25 2485
25 2486
25 2487
25 2488
25 2489
25 2490
25 2491
25 2492
25 2493
25 2494
25 2495
25 2496
25 2497
25 2498
25 2499
25 2500
25 2501
25 2502
25 2503
25 44
25 2504
25 2505
25 2506
25 2507
25 2508
25 2509
25 2510
25 2511
25 2512
25 2513
25 2514
25 2515
25 2516
25 2517
25 2518
25 2519
25 2520
25 2521
25 2522
25 2523
25 2524
25 2525
25 2526
25 2527
25 2528
25 2529
25 2530
25 2531
25 2532
25 2533
25 2534
25 2535
25 2536
25 2106
25 2104
25 270
25 2156
25 2537
25 2538
25 2539
25 2540
25 2541
25 2542
25 2543
25 2544
25 2545
25 2546
25 2547
25 2548
25 2549
25 2550
25 2551
25 2552
25 2553
25 2554
25 2555
25 2556
25 2105
25 2109
25 2150
25 2557
25 2558
25 2559
25 2560
25 2561
25 2562
25 2563
25 2564
25 2565
25 2566
25 2567
25 2568
25 2569
25 2570
25 2571
25 2572
25 2573
25 2574
25 2575
25 2576
25 2577
25 2578
25 2579
25 2580
25 2581
25 2582
25 2583
25 2584
25 2585
25 2586
25 2587
25 2588
25 2589
25 2590
25 2591
25 2592
25 2593
25 2594
25 2595
25 2596
25 2597
25 2598
25 2599
25 2600
25 2601
25 2602
25 2603
25 2604
25 2605
25 2606
25 2607
25 2608
25 2609
25 2610
25 2611
25 2612
25 2613
25 2614
25 2615
25 2616
25 2617
25 2618
25 2619
25 2620
25 2621
25 2622
25 2623
25 2624
25 2625
25 2626
25 2627
25 2628
25 2629
25 2630
25 2631
25 2632
25 2633
25 2634
25 2635
25 2636
25 2637
25 2638
25 2639
25 2640
25 2641
25 2642
25 2643
25 2644
25 2645
25 2646
25 2647
25 2648
25 2649
25 2650
25 2651
25 2652
25 2653
25 2654
25 2655
25 2656
25 2657
25 2658
25 2659
25 2660
25 2661
25 2662
25 2663
25 2664
25 2665
25 2666
25 278
25 2667
25 2668
25 2669
25 2670
25 2671
25 2672
25 2673
25 2674
25 2675
25 2676
25 2677
25 2678
25 2679
25 2680
25 2681
25 2682
25 2683
25 2684
25 2685
25 2686
25 2687
25 2688
25 2689
25 2690
25 2691
25 2692
25 2693
25 2694
25 2695
25 2696
25 2697
25 2698
25 2699
25 2700
25 2701
25 2702
25 2703
25 2704
25 2705
25 2706
25 2707
25 2708
25 2709
25 2710
25 2711
25 2712
25 2713
25 2714
25 2715
25 2716
25 2717
25 2718
25 2719
25 2720
25 2721
25 2722
25 2723
25 2724
25 2725
25 2726
25 2727
25 2728
25 2729
25 2730
25 2731
25 2732
25 2733
25 2734
25 2735
25 2736
25 2737
25 2738
25 2739
25 2740
25 279
25 2741
25 2742
25 2743
25 2744
25 2745
25 2746
25 2747
25 2748
25 2749
25 2750
25 2751
25 2752
25 2753
25 2754
25 2755
25 2756
25 2757
25 2758
25 2759
25 2760
25 2761
25 2762
25 2763
25 2764
25 2765
25 2766
25 2767
25 2768
25 2769
25 2770
25 2771
25 2772
25 2773
25 2774
25 2775
25 2776
25 2777
25 2778
25 2779
25 2780
25 2781
25 2782
25 2783
25 2784
25 2785
25 2786
25 2787
25 2788
25 2789
25 2790
25 2791
25 2792
25 2793
25 2794
25 2795
25 2796
25 2797
25 2798
25 2799
25 2800
25 2801
25 2802
25 2803
25 2804
25 2805
25 2806
25 2807
25 2808
25 391
26 1
26 691
26 2809
26 203
26 364
26 2810
26 2811
26 2812
26 2813
26 2814
26 2815
26 2816
26 2817
26 2818
27 1
28 1
28 5
28 7
28 20
28 10
28 2092
28 2819
28 2820
28 4
28 513
28 16
28 594
28 2091
28 2821
28 23
28 24
28 2093
28 2094
28 2822
28 2823
28 2824
28 2825
28 2826
28 2827
28 2828
28 2829
28 2830
28 2831
28 2832
28 2833
28 2834
28 2835
28 2836
28 2837
28 2838
28 2839
28 2840
28 2841
28 2842
28 2843
28 2844
28 2845
28 2846
28 2847
28 2848
28 2849
28 2850
28 2851
28 2852
28 2853
28 2854
28 2855
28 2856
28 2857
28 2858
28 2859
28 2860
28 2861
28 2862
28 2863
28 2864
28 2865
28 2866
28 2867
28 2868
28 2869
28 2870
28 2871
28 2872
28 2873
28 2874
28 2875
28 2876
28 2877
28 2878
28 2879
28 2880
28 2881
28 2882
28 2883
28 2884
28 2885
28 2886
28 2887
28 2888
28 2889
28 2890
28 2891
28 2892
28 2893
28 2894
28 2895
28 2896
28 2897
28 2898
28 2899
28 2900
28 2901
28 2902
28 2903
28 2904
28 2905
28 2906
28 2907
28 2908
28 2909
28 2910
28 2911
28 2912
28 2913
28 1355
28 1363
28 2914
28 2915
28 2916
28 2917
28 2918
28 2919
28 2920
28 2921
28 1297
28 1288
28 2922
28 2923
28 2924
28 2925
28 2926
28 2927
28 2928
28 2929
28 2930
28 2931
28 2932
28 2933
28 2934
28 2935
28 2936
28 2937
28 2938
28 2939
28 2940
28 2941
28 2942
28 2943
28 2944
28 2945
28 2946
28 2947
28 2948
28 2949
28 2950
28 2951
28 2952
28 2953
28 2954
28 2955
28 2956
28 2957
28 2958
28 2959
28 2960
28 2961
28 2962
28 2963
28 2964
28 2965
28 2966
28 2967
28 2968
28 1267
28 2969
28 2970
28 2971
28 2972
28 1271
28 2973
28 2974
28 2975
28 2976
28 1367
28 1366
28 2977
28 2978
28 2979
28 2980
28 2981
28 2982
28 2983
28 2984
28 2985
28 2986
28 2987
28 2988
28 2989
28 2990
28 727
28 726
28 2991
28 2992
28 2993
28 1362
28 1358
28 2994
28 2995
28 2996
28 735
28 2997
28 2998
28 2999
28 3000
28 3001
28 1259
28 3002
28 3003
28 3004
28 3005
28 3006
28 3007
28 3008
28 3009
28 3010
28 3011
28 3012
28 3013
28 3014
28 3015
29 1
29 4
29 5
29 2091
29 7
29 10
29 3016
29 3017
29 26
29 25
29 3018
29 2819
29 2094
29 404
29 30
29 3019
29 3020
29 3021
29 3022
29 3023
29 3024
29 3025
29 3026
29 3027
29 3028
29 3029
29 3030
29 3031
29 3032
29 3033
29 3034
29 3035
29 3036
29 3037
29 3038
29 3039
29 3040
29 3041
29 3042
29 3043
29 3044
29 3045
29 3046
29 3047
29 3048
29 3049
29 3050
29 3051
29 3052
29 3053
29 3054
29 3055
29 3056
29 3057
29 3058
29 3059
29 3060
29 3061
29 3062
29 3063
29 3064
29 3065
29 3066
29 3067
29 3068
29 3069
29 3070
29 3071
29 3072
29 3073
29 3074
29 3075
29 3076
29 3077
29 3078
29 3079
29 3080
29 3081
29 3082
29 3083
29 3084
29 3085
29 3086
29 3087
29 3088
29 3089
29 3090
29 3091
29 3092
29 3093
29 3094
29 3095
29 3096
29 3097
29 3098
29 3099
29 3100
29 3101
29 3102
29 3103
29 3104
29 3105
29 3106
29 3107
29 3108
29 3109
29 3110
29 3111
29 3112
29 3113
29 3114
29 3115
29 3116
29 3117
29 3118
29 3119
29 3120
29 3121
29 3122
29 3123
29 3124
29 3125
29 3126
29 3127
29 3128
29 3129
29 3130
29 3131
29 3132
29 3133
29 3134
29 3135
29 3136
29 3137
29 3138
29 3139
29 3140
29 3141
29 3142
29 3143
29 3144
29 3145
29 391
29 2
30 1
30 30
30 4
30 5
30 2091
30 7
30 10
30 3146
30 27
30 26
30 25
30 3018
30 2819
30 2094
30 404
30 3147
30 819
30 3148
30 3149
30 3150
30 3151
30 3152
30 3153
30 3154
30 3155
30 3156
30 3157
30 3158
30 3159
30 3160
30 3161
30 3162
30 3163
30 3164
30 3165
30 3166
30 3167
30 3168
30 3169
30 3170
30 3171
30 3172
30 3173
30 3174
30 3175
30 3176
30 3177
30 3178
30 3179
30 957
30 958
30 959
30 960
30 3180
30 3181
30 3182
30 391
31 1
31 10
31 31
31 3183
31 3184
31 3185
31 3186
31 3187
31 3188
31 3189
31 3190
31 3191
31 3192
31 3193
31 3194
31 3195
31 3196
31 3197
31 3198
31 2158
31 3199
31 3200
31 3201
31 3202
31 3203
31 3204
31 3205
31 3206
31 3207
31 3208
31 3209
31 3210
31 3211
31 3212
31 3213
31 3214
31 3215
31 3216
31 3217
31 3218
31 3219
31 3220
31 3221
31 3222
31 3223
31 3224
31 3225
31 3226
31 3227
31 3228
31 3229
31 3230
31 3231
31 3232
31 3233
31 3234
31 3235
31 3236
31 3237
31 3238
31 3239
31 3240
31 3241
31 3242
31 3243
31 3244
31 3245
31 3246
31 3247
31 3248
31 3249
31 3250
31 3251
31 3252
31 3253
31 3254
31 3255
31 3256
31 3257
31 3258
31 3259
31 3260
31 3261
31 3262
31 3263
31 3264
31 3265
31 3266
31 3267
31 3268
31 3269
31 3270
31 3271
31 3272
31 3273
31 3274
31 3275
31 3276
31 3277
31 3278
31 3279
31 3280
31 3281
31 3282
31 3283
31 3284
31 3285
31 3286
31 3287
31 3288
31 3289
31 3290
31 3291
31 3292
31 3293
31 3294
31 3295
31 3296
31 3297
31 3298
31 3299
31 3300
31 3301
31 3302
31 3303
31 3304
31 3305
31 3306
31 3307
31 3308
31 3309
31 3310
31 3311
31 3312
31 3313
31 3314
31 3315
31 3316
31 3317
31 3318
31 3319
31 3320
31 3321
31 3322
31 3323
31 3324
31 3325
31 3326
31 3327
31 3328
31 3329
31 3330
31 3331
31 3332
31 3333
31 3334
31 3335
31 3336
31 3337
31 3338
31 3339
31 3340
31 3341
31 3342
31 3343
31 3344
31 3345
31 3346
31 3347
31 3348
31 3349
31 3350
31 3351
31 3352
31 3353
31 3354
31 3355
31 3356
31 3357
31 3358
31 3359
31 3360
31 3361
31 3362
31 3363
31 3364
31 3365
31 3366
31 3367
31 3368
31 3369
31 3370
31 3371
31 3372
31 3373
31 3374
31 3375
31 3376
31 3377
31 3378
31 3379
31 3380
31 3381
31 3382
31 3383
31 3384
31 3385
31 3386
31 3387
31 3388
31 3389
31 3390
31 3391
31 3392
31 3393
31 3394
31 3395
31 3396
31 3397
31 3398
31 3399
31 3400
31 3401
31 3402
31 3403
31 3404
31 3405
31 3406
31 3407
31 3408
31 3409
31 3410
31 3411
31 3412
31 3413
31 3414
31 3415
31 3416
31 3417
31 3418
31 3419
31 3420
31 3421
31 3422
31 3423
31 3424
31 3425
31 3426
31 3427
31 3428
31 3429
31 3430
31 3431
31 3432
31 3433
31 3434
31 3435
31 3436
31 3437
31 3438
31 3439
31 3440
31 3441
31 3442
31 3443
31 3444
31 3445
31 3446
31 3447
31 3448
31 3449
31 3450
31 3451
31 3452
31 3453
31 3454
31 2097
31 3455
31 3456
31 3457
31 3458
31 3459
31 3460
31 3461
31 3462
31 3463
31 3464
31 3465
31 3466
31 3467
31 3468
31 3469
31 3470
31 3471
31 3472
31 3473
31 3474
31 3475
31 3476
31 3477
31 3478
31 3479
31 3480
31 3481
31 3482
31 3483
31 3484
31 3485
31 3486
31 3487
31 3488
31 3489
31 3490
31 3491
31 3492
31 3493
31 3494
31 3495
31 3496
31 3497
31 3498
31 3499
31 3500
31 3501
31 3502
31 3503
31 3504
31 3505
31 3506
31 3507
31 3508
31 3509
31 3510
31 3511
31 3512
31 3513
31 3514
31 3515
31 3516
31 3517
31 3518
31 3519
31 3520
31 3521
31 3522
31 3523
31 3524
31 3525
31 3526
31 3527
31 3528
31 3529
31 3530
31 3531
31 3532
31 3533
31 3534
31 3535
31 3536
31 3537
31 3538
31 3539
31 3540
31 3541
31 3542
31 3543
31 3544
31 3545
31 3546
31 3547
31 3548
31 3549
31 3550
31 3551
31 3552
31 3553
31 3554
31 3555
31 3556
31 3557
31 3558
31 3559
31 3560
31 3561
31 3562
31 3563
31 3564
31 3565
31 3566
31 3567
31 3568
31 3569
31 3570
31 3571
31 3572
31 3573
31 3574
31 3575
31 3576
31 3577
31 3578
31 3579
31 3580
31 3581
31 3582
31 3583
31 3584
31 3585
31 3586
31 3587
31 3588
31 3589
31 3590
31 3591
31 3592
31 3593
31 3594
31 3595
31 3596
31 3597
31 3598
31 3599
31 3600
31 3601
31 3602
31 3603
31 3604
31 3605
31 3606
31 3607
31 3608
31 3609
31 3610
31 3611
31 3612
31 3613
31 3614
31 3615
31 3616
31 3617
31 3618
31 3619
31 3620
31 3621
31 3622
31 3623
31 3624
31 3625
31 3626
31 3627
31 3628
31 3629
31 3630
31 3631
31 3632
31 3633
31 3634
31 3635
31 3636
31 3637
31 3638
31 3639
31 3640
31 3641
31 3642
31 3643
31 3644
31 3645
31 3646
31 3647
31 3648
31 3649
31 3650
31 3651
31 3652
31 3653
31 3654
31 3655
31 3656
31 3657
31 3658
31 3659
31 3660
31 3661
31 3662
31 3663
31 3664
31 3665
31 3666
31 3667
31 3668
31 3669
31 3670
31 3671
31 3672
31 3673
31 3674
31 3675
31 3676
31 3677
31 3678
31 3679
31 3680
31 3681
31 3682
31 3683
31 3684
31 3685
32 1
32 3686
32 4
32 5
32 2091
32 7
32 10
32 23
32 24
32 27
32 26
32 25
32 3018
32 2094
32 415
32 404
32 418
32 31
32 32
32 37
32 34
32 35
32 33
32 36
32 38
32 225
32 39
32 3687
32 42
32 43
32 46
32 337
32 242
32 78
32 1070
32 249
32 1071
32 1072
32 1073
32 1074
32 1075
32 1076
32 3688
32 3689
32 3690
32 3691
32 3692
32 3693
32 3694
32 3695
32 3696
32 3697
32 3698
32 3699
32 3700
32 3701
32 3702
32 3703
32 339
32 3704
32 2511
32 1119
32 3705
32 3706
32 3707
32 2461
32 3708
32 3709
32 3710
32 3711
32 3712
32 3713
32 3714
32 3715
32 3716
32 3717
32 3718
32 3719
32 3720
32 3721
32 3722
32 3723
32 3724
32 3725
32 3726
32 3727
32 3728
32 3729
32 3730
32 3731
32 3732
32 3733
32 3734
32 3735
32 3736
32 3737
32 3738
32 3739
32 3740
32 3741
32 3742
32 3743
32 3744
32 3745
32 3746
32 3747
32 3748
32 3749
32 3750
32 3751
32 3752
32 3753
32 3754
32 3755
32 3756
32 3757
32 3758
32 3759
32 3760
32 3761
32 3762
32 3763
32 3764
32 3765
32 3766
32 3767
32 3768
32 3769
32 3770
32 3771
32 3772
32 3773
32 3774
32 3775
32 3776
32 3777
32 3778
32 3779
32 3780
32 3781
32 3782
32 3783
32 3784
32 3785
32 3786
32 3787
32 3788
32 3789
32 3790
32 3791
32 3792
32 3793
32 3794
32 3795
32 3796
32 3797
32 3798
32 3799
32 3800
32 3801
32 3802
32 3803
32 3804
32 3805
32 3806
32 3807
32 3808
32 3809
32 3810
32 3811
32 3812
32 3813
32 3814
32 3815
32 3816
32 3817
32 3818
32 3819
32 3820
32 3821
32 3822
32 3823
32 3824
32 3825
32 3826
32 3827
32 3828
32 3829
32 3830
32 3831
32 3832
32 3833
32 3834
32 3835
32 3836
32 3837
32 3838
32 3839
32 3840
32 3841
32 3842
32 3843
32 3844
32 3845
32 3846
32 3847
32 3848
32 3849
32 3850
32 3851
32 3852
32 3853
32 3854
32 3855
32 3856
32 3857
32 3858
32 3859
32 3860
32 3861
32 3862
32 3863
32 3864
32 3865
32 3866
32 3867
32 3868
32 3869
32 3870
32 3871
32 3872
32 3873
32 3874
32 3875
32 3876
32 3877
32 3878
32 3879
32 3880
32 3881
32 3882
32 3883
32 3884
32 3885
32 3886
32 3887
32 3888
32 3889
32 3890
32 3891
32 3892
32 3893
32 3894
32 3895
32 3896
32 3897
32 3898
32 3899
32 3900
32 3901
32 3902
32 3903
32 3904
32 3905
32 3906
32 3219
32 3907
32 3908
32 3909
32 3910
32 3911
32 3912
32 3913
32 3914
32 3915
32 3916
32 3917
32 3918
32 3919
32 3920
32 3921
32 3922
32 3923
32 3924
32 3925
32 3926
32 3927
32 3928
32 3929
32 3930
32 3931
32 3932
32 3933
32 3934
32 3935
32 3936
32 3937
32 3938
32 3939
32 3940
32 3941
32 3942
32 3943
32 3944
32 3945
32 3946
32 3947
32 3948
32 3949
32 3950
32 3951
32 3952
32 3953
32 3954
32 3955
32 3956
32 3957
32 3958
32 3959
32 3960
32 3961
32 391
33 1
33 3686
33 4
33 5
33 2091
33 7
33 10
33 23
33 24
33 27
33 26
33 25
33 3018
33 2094
33 415
33 404
33 418
33 31
33 32
33 37
33 34
33 35
33 33
33 36
33 38
33 225
33 39
33 3687
33 42
33 43
33 46
33 335
33 3962
33 254
33 255
33 1088
33 1089
33 1090
33 3963
33 3964
33 3965
33 3966
33 3967
33 3968
33 3969
33 3970
33 3971
33 3972
33 3973
33 3974
33 3975
33 3976
33 2459
33 3977
33 2471
33 2464
33 3978
33 3979
33 2524
33 3980
33 3981
33 3982
33 2519
33 3983
33 2462
33 3984
33 3985
33 3986
33 3987
33 3988
33 3989
33 3990
33 3991
33 3992
33 3993
33 3994
33 3995
33 3996
33 3997
33 3998
33 3999
33 4000
33 4001
33 4002
33 4003
33 4004
33 4005
33 4006
33 4007
33 4008
33 4009
33 4010
33 4011
33 4012
33 4013
33 4014
33 4015
33 4016
33 4017
33 4018
33 4019
33 4020
33 4021
33 4022
33 4023
33 4024
33 4025
33 4026
33 4027
33 4028
33 4029
33 4030
33 4031
33 4032
33 4033
33 4034
33 4035
33 4036
33 4037
33 4038
33 4039
33 4040
33 4041
33 4042
33 4043
33 4044
33 4045
33 4046
33 4047
33 4048
33 4049
33 4050
33 4051
33 4052
33 4053
33 4054
33 3476
33 3198
33 4055
33 4056
33 4057
33 4058
33 4059
33 4060
33 4061
33 4062
33 4063
33 4064
33 4065
33 4066
33 4067
33 4068
33 4069
33 4070
33 4071
33 4072
33 4073
33 4074
33 4075
33 4076
33 4077
33 4078
33 4079
33 4080
33 4081
33 4082
33 4083
33 4084
33 4085
33 4086
33 4087
33 4088
33 4089
33 4090
33 4091
33 4092
33 4093
33 4094
33 4095
33 4096
33 4097
33 4098
33 4099
33 4100
33 4101
33 4102
33 4103
33 4104
33 4105
33 4106
33 4107
33 4108
33 4109
33 4110
33 4111
33 4112
33 4113
33 4114
33 4115
33 4116
33 4117
33 4118
33 4119
33 4120
33 4121
33 4122
33 4123
33 4124
33 4125
33 4126
33 4127
33 4128
33 4129
33 4130
33 4131
33 4132
33 4133
33 4134
33 391
34 1
34 3686
34 4
34 5
34 2091
34 7
34 10
34 23
34 24
34 27
34 26
34 25
34 3018
34 2094
34 415
34 404
34 418
34 31
34 32
34 37
34 34
34 35
34 33
34 36
34 38
34 225
34 39
34 3687
34 42
34 43
34 46
34 4135
34 233
34 237
34 247
34 257
34 80
34 248
34 1079
34 1080
34 1081
34 1082
34 4136
34 4137
34 4138
34 4139
34 4140
34 4141
34 4142
34 341
34 331
34 338
34 2245
34 2533
34 4143
34 2474
34 4144
34 4145
34 4146
34 4147
34 4148
34 4149
34 4150
34 4151
34 4152
34 4153
34 4154
34 4155
34 4156
34 4157
34 4158
34 4159
34 4160
34 4161
34 4162
34 4163
34 4164
34 4165
34 4166
34 4167
34 4168
34 4169
34 4170
34 4171
34 4172
34 4173
34 4174
34 4175
34 4176
34 4177
34 4178
34 4179
34 4180
34 4181
34 4182
34 4183
34 4184
34 4185
34 4186
34 4187
34 4188
34 4189
34 4190
34 4191
34 4192
34 4193
34 4194
34 4195
34 4196
34 4197
34 4198
34 4199
34 4200
34 4201
34 4202
34 4203
34 4204
34 4205
34 4206
34 4207
34 4208
34 4209
34 4210
34 4211
34 4212
34 4213
34 4214
34 4215
34 4216
34 4217
34 4218
34 4219
34 4220
34 4221
34 4222
34 4223
34 4224
34 4225
34 4226
34 4227
34 4228
34 4229
34 4230
34 4231
34 4232
34 4233
34 4234
34 4235
34 4236
34 4237
34 4238
34 4239
34 3247
34 4240
34 4241
34 4242
34 4243
34 4244
34 4245
34 4246
34 4247
34 4248
34 4249
34 4250
34 4251
34 4252
34 4253
34 4254
34 4255
34 4256
34 4257
34 4258
34 4259
34 4260
34 4261
34 4262
34 4263
34 4264
34 4265
34 4266
34 4267
34 4268
34 4269
34 4270
34 4271
34 4272
34 4273
34 4274
34 4275
34 4276
34 4277
34 4278
34 4279
34 4280
34 4281
34 4282
34 4283
34 4284
34 4285
34 4286
34 4287
34 4288
34 4289
34 4290
34 4291
34 4292
34 4293
34 4294
34 2236
34 4295
34 4296
34 4297
34 4298
34 4299
34 4300
34 4301
34 4302
34 4303
34 4304
34 4305
34 4306
34 4307
34 4308
34 4309
34 4310
34 4311
34 4312
34 4313
34 4314
34 4315
34 4316
34 4317
34 4318
34 4319
34 4320
34 4321
34 4322
34 4323
34 4324
34 4325
34 4326
34 4327
34 4328
34 4329
34 4330
34 4331
34 4332
34 4333
34 4334
34 4335
34 4336
34 4337
34 4338
34 4339
34 4340
34 4341
34 4342
34 4343
34 4344
34 4345
34 4346
34 4347
34 4348
34 4349
34 4350
34 4351
34 4352
34 4353
34 4354
34 4355
34 4356
34 4357
34 4358
34 4359
34 4360
34 4361
34 4362
34 4363
34 4364
34 4365
34 4366
34 4367
34 4368
34 4369
34 4370
34 4371
34 4372
34 4373
34 4374
34 4375
34 4376
34 4377
34 4378
34 4379
34 4380
34 4381
34 4382
34 4383
34 4384
34 4385
34 4386
34 4387
34 4388
34 4389
34 4390
34 4391
34 4392
34 4393
34 4394
34 4395
34 4396
34 4397
34 4398
34 4399
34 391
35 1
35 3686
35 4
35 5
35 2091
35 7
35 10
35 23
35 24
35 27
35 26
35 25
35 3018
35 2094
35 415
35 404
35 418
35 31
35 32
35 37
35 34
35 35
35 33
35 36
35 38
35 225
35 39
35 3687
35 42
35 43
35 46
35 226
35 239
35 241
35 246
35 253
35 238
35 243
35 256
35 79
35 1077
35 250
35 1078
35 251
35 252
35 1118
35 1117
35 1115
35 4400
35 4401
35 4402
35 332
35 2513
35 4403
35 4404
35 1122
35 4405
35 4406
35 4407
35 4408
35 4409
35 4410
35 4411
35 4412
35 4413
35 4414
35 4415
35 4416
35 4417
35 4418
35 4419
35 4420
35 4421
35 4422
35 4423
35 4424
35 4425
35 4426
35 4427
35 4428
35 4429
35 4430
35 4431
35 4432
35 4433
35 4434
35 4435
35 4436
35 4437
35 4438
35 4439
35 4440
35 4441
35 4442
35 4443
35 4444
35 4445
35 4446
35 4447
35 4448
35 4449
35 4450
35 4451
35 4452
35 4453
35 4454
35 4455
35 4456
35 4457
35 4458
35 4459
35 4460
35 4461
35 4462
35 4463
35 4464
35 4465
35 4466
35 4467
35 4468
35 4469
35 4470
35 4471
35 4472
35 4473
35 4474
35 4475
35 4476
35 4477
35 4478
35 4479
35 4480
35 4481
35 4482
35 4483
35 4484
35 4485
35 4486
35 4487
35 4488
35 4489
35 4490
35 4491
35 4492
35 4493
35 4494
35 4495
35 4496
35 4497
35 4498
35 4499
35 4500
35 3261
35 4501
35 4502
35 4503
35 4504
35 4505
35 4506
35 4507
35 4508
35 4509
35 4510
35 4511
35 4512
35 4513
35 4514
35 4515
35 4516
35 4517
35 4518
35 4519
35 4520
35 4521
35 4522
35 4523
35 4524
35 4525
35 4526
35 4527
35 4528
35 4529
35 4530
35 4531
35 4532
35 4533
35 4534
35 4535
35 4536
35 4537
35 4538
35 4539
35 4540
35 4541
35 4542
35 4543
35 4544
35 4545
35 4546
35 4547
35 4548
35 4549
35 4550
35 4551
35 4552
35 4553
35 4554
35 4555
35 4556
35 4557
35 4558
35 4559
35 4560
35 4561
35 4562
35 4563
35 4564
35 4565
35 4566
35 4567
35 4568
35 4569
35 4570
35 4571
35 4572
35 4573
35 4574
35 4575
35 4576
35 4577
35 4578
35 4579
35 391
36 1
36 3686
36 4
36 5
36 2091
36 7
36 10
36 23
36 24
36 27
36 26
36 25
36 3018
36 2094
36 415
36 404
36 418
36 31
36 32
36 37
36 34
36 35
36 33
36 36
36 38
36 225
36 39
36 3687
36 42
36 43
36 46
36 4580
36 245
36 1091
36 1092
36 1093
36 1094
36 4581
36 4582
36 4583
36 4584
36 4585
36 4586
36 4587
36 4588
36 4589
36 4590
36 4591
36 4592
36 4593
36 4594
36 4595
36 4596
36 4597
36 4598
36 2528
36 2472
36 1121
36 4599
36 1123
36 3231
36 4600
36 3190
36 4601
36 4602
36 4603
36 3192
36 4604
36 4605
36 4606
36 4607
36 4608
36 4609
36 4610
36 4611
36 4612
36 4613
36 4614
36 4615
36 4616
36 4617
36 4618
36 4619
36 4620
36 4621
36 4622
36 4623
36 4624
36 4625
36 4626
36 4627
36 4628
36 4629
36 4630
36 4631
36 4632
36 4633
36 4634
36 4635
36 4636
36 4637
36 4638
36 4639
36 4640
36 4641
36 4642
36 4643
36 4644
36 4645
36 4646
36 4647
36 4648
36 4649
36 4650
36 4651
36 4652
36 4653
36 4654
36 4655
36 4656
36 4657
36 4658
36 4659
36 4660
36 4661
36 4662
36 4663
36 4664
36 4665
36 4666
36 4667
36 4668
36 4669
36 4670
36 4671
36 4672
36 4673
36 4674
36 4675
36 4676
36 4677
36 391
37 1
37 3686
37 4
37 5
37 2091
37 7
37 10
37 23
37 24
37 27
37 26
37 25
37 3018
37 2094
37 415
37 404
37 418
37 31
37 32
37 37
37 34
37 35
37 33
37 36
37 38
37 225
37 39
37 3687
37 42
37 43
37 46
37 4678
37 232
37 234
37 235
37 236
37 77
37 244
37 4679
37 4680
37 4681
37 4682
37 4683
37 4684
37 4685
37 4686
37 4687
37 4688
37 4689
37 4690
37 4691
37 4692
37 4693
37 4694
37 4695
37 4696
37 4697
37 4698
37 4699
37 4700
37 4701
37 4702
37 4703
37 4704
37 4705
37 4706
37 4707
37 4708
37 4709
37 4710
37 4711
37 4712
37 4713
37 4714
37 4715
37 4716
37 4717
37 4718
37 4719
37 4720
37 4721
37 4722
37 4723
37 4724
37 4725
37 4726
37 4727
37 4728
37 4729
37 4730
37 4731
37 4732
37 4733
37 4734
37 4735
37 4736
37 4737
37 4738
37 3310
37 4739
37 4740
37 4741
37 3189
37 4742
37 4743
37 3186
37 4744
37 4745
37 4746
37 4747
37 4748
37 4749
37 4750
37 4751
37 4752
37 4753
37 4754
37 4755
37 4756
37 4757
37 4758
37 4759
37 4760
37 4761
37 3193
37 4762
37 4763
37 4764
37 4765
37 4766
37 4767
37 4768
37 4769
37 4770
37 4771
37 4772
37 4773
37 4774
37 4775
37 4776
37 4777
37 4778
37 4779
37 4780
37 4781
37 4782
37 4783
37 4784
37 4785
37 4786
37 4787
37 4788
37 4789
37 4790
37 4791
37 4792
37 391
38 1
38 3686
38 4
38 5
38 2091
38 7
38 10
38 23
38 24
38 27
38 26
38 25
38 3018
38 2094
38 415
38 404
38 418
38 31
38 32
38 37
38 34
38 35
38 33
38 36
38 38
38 225
38 39
38 3687
38 42
38 43
38 46
38 4793
38 240
38 1083
38 1084
38 1085
38 1086
38 1087
38 4794
38 4795
38 4796
38 4797
38 4798
38 4799
38 4800
38 4801
38 4802
38 4803
38 4804
38 4805
38 4806
38 4807
38 4808
38 4809
38 4810
38 4811
38 4812
38 4813
38 4814
38 4815
38 4816
38 4817
38 4818
38 4819
38 4820
38 4821
38 4822
38 4823
38 4824
38 4825
38 4826
38 4827
38 4828
38 4829
38 4830
38 4831
38 4832
38 4833
38 4834
38 4835
38 4836
38 4837
38 4838
38 4839
38 4840
38 3273
38 4841
38 4842
38 4843
38 3195
38 4844
38 4845
38 3191
38 4846
38 4847
38 4848
38 4849
38 4850
38 4851
38 4852
38 4853
38 4854
38 4855
38 4856
38 4857
38 4858
38 4859
38 4860
38 4861
38 4862
38 4863
38 4864
38 4865
38 4866
38 4867
38 4868
38 4869
38 4870
38 4871
38 391
39 1
39 3686
39 4
39 5
39 2091
39 7
39 10
39 23
39 24
39 27
39 26
39 25
39 3018
39 2094
39 415
39 404
39 418
39 31
39 32
39 37
39 34
39 35
39 33
39 36
39 38
39 225
39 39
39 3687
39 42
39 43
39 46
39 4872
39 1095
39 4873
39 1096
39 1097
39 1098
39 1099
39 4874
39 4875
39 4876
39 4877
39 4878
39 4879
39 4880
39 4881
39 4882
39 4883
39 4884
39 4885
39 4886
39 4887
39 4888
39 4889
39 4890
39 4891
39 4892
39 4893
39 4894
39 4895
39 4896
39 4897
39 4898
39 4899
39 4900
39 4901
39 4902
39 4903
39 4904
39 4905
39 4906
39 4907
39 4908
39 4909
39 3296
39 3194
39 4910
39 4911
39 4912
39 4913
39 4914
39 4915
39 4916
39 4917
39 4918
39 4919
39 4920
39 4921
39 4922
39 4923
39 4924
39 4925
39 4926
39 4927
39 4928
39 4929
39 4930
39 4931
39 4932
39 4933
39 4934
39 4935
39 4936
39 4937
39 4938
39 4939
39 4940
39 4941
39 4942
39 4943
39 4944
39 4945
39 4946
39 4947
39 4948
39 391
40 1
40 4949
40 4950
40 4951
40 4952
40 4953
40 4954
40 4955
40 4956
40 4957
40 4958
40 292
40 293
40 4959
40 4960
40 4961
40 294
40 4962
40 4963
40 4964
40 288
40 4965
40 289
40 290
40 291
40 4966
40 4967
40 4968
40 4969
40 4970
40 4971
40 4972
40 4973
40 2232
40 2239
40 4974
40 4975
40 4976
40 4977
40 4978
40 4979
40 4980
40 4981
40 4982
40 4983
40 4984
40 4985
40 4986
40 4987
40 4988
40 4989
40 4990
40 4991
40 2529
40 4992
40 4993
40 3321
40 4994
40 2477
40 4995
40 4996
40 4997
40 4998
40 4999
40 5000
40 5001
40 5002
40 5003
40 5004
40 5005
40 5006
40 5007
40 5008
40 2482
40 5009
40 5010
40 5011
40 5012
40 5013
40 5014
40 5015
40 593
40 5016
40 5017
40 5018
40 5019
40 5020
40 5021
40 5022
40 5023
40 391
41 1
41 41
41 5024
41 5025
41 5026
41 2535
41 5027
41 5028
41 5029
41 5030
41 2536
41 5031
41 324
41 325
41 326
41 327
41 328
41 329
41 330
41 320
41 321
41 322
41 323
41 5032
41 5033
41 5034
41 5035
41 5036
41 5037
41 5038
41 5039
41 5040
41 5041
41 5042
41 5043
41 5044
41 5045
41 5046
41 5047
41 5048
41 5049
41 5050
41 5051
41 5052
41 5053
41 5054
41 5055
41 5056
41 5057
41 5058
41 2486
41 5059
41 5060
41 2476
41 5061
41 5062
41 5063
41 5064
41 5065
41 5066
41 5067
41 5068
41 5069
41 5070
41 5071
41 5072
41 2515
41 5073
41 5074
41 5075
41 5076
41 5077
41 5078
41 5079
41 5080
41 5081
41 5082
41 5083
41 5084
41 5085
41 5086
41 5087
41 5088
41 5089
41 5090
41 5091
41 5092
41 5093
41 5094
41 391
42 1
42 3686
42 4
42 5
42 2091
42 7
42 10
42 23
42 24
42 27
42 26
42 25
42 3018
42 2094
42 415
42 404
42 418
42 31
42 32
42 37
42 34
42 35
42 33
42 36
42 38
42 225
42 39
42 3687
42 42
42 43
42 46
42 5095
42 5096
42 1105
42 1106
42 1107
42 1108
42 1109
42 5097
42 5098
42 5099
42 1113
42 5100
42 5101
42 5102
42 5103
42 5104
42 5105
42 5106
42 5107
42 5108
42 4402
42 5109
42 5110
42 5111
42 2523
42 5112
42 2470
42 5113
42 5114
42 5115
42 5116
42 5117
42 5118
42 5119
42 5120
42 1110
42 1111
42 5121
42 5122
42 1112
42 5123
42 5124
42 5125
42 5126
42 5127
42 5128
42 5129
42 5130
42 5131
42 5132
42 5133
42 5134
42 5135
42 5136
42 5137
42 5138
42 5139
42 5140
42 5141
42 5142
42 3219
42 5143
42 5144
42 5145
42 5146
42 3477
42 5147
42 5148
42 5149
42 5150
42 5151
42 5152
42 5153
42 5154
42 5155
42 5156
42 3921
42 3917
42 5157
42 5158
42 5159
42 5160
42 5161
42 391
43 1
43 5162
43 5163
43 5164
43 5165
43 5166
43 5167
43 5168
43 5169
43 5170
43 5171
43 5172
43 5173
43 5174
43 5175
43 5176
43 1110
43 1111
43 1112
43 1113
43 1114
43 5100
43 5177
43 5101
43 5178
43 5179
43 5180
43 5181
43 5182
43 5183
43 5184
43 5185
43 5186
43 5187
43 5188
43 5189
43 5190
43 5191
43 5192
43 5193
43 5194
43 5195
43 5196
43 5197
43 5198
43 5199
43 5200
43 5201
43 5202
43 5203
43 5204
43 5205
43 5206
43 5207
43 5208
43 5209
43 5210
43 5211
43 5212
43 5213
43 5214
43 5215
43 5216
43 391
44 1
44 25
44 5217
44 5218
44 5219
44 5220
44 5221
44 5222
44 5223
44 5224
44 5225
44 5226
44 5227
44 5228
44 5229
44 5230
44 5231
44 5232
44 5233
44 5234
44 5235
44 5236
44 5237
44 5238
44 391
45 1
45 45
45 5239
45 5240
45 5241
45 2468
45 2508
45 2467
45 5242
45 5243
45 5244
45 5245
45 5246
45 5247
45 5248
45 5249
45 5250
45 5251
45 306
45 307
45 5252
45 5253
45 5254
45 5255
45 5256
45 5257
45 5258
45 5259
45 5260
45 5261
45 5262
45 5263
45 5264
45 5265
45 5266
45 5267
45 5268
45 5269
45 5270
45 5271
45 5272
45 5273
45 5274
45 5275
45 5276
45 5277
45 5278
45 5279
45 5280
45 2475
45 5281
45 5282
45 5283
45 5284
45 5285
45 5286
45 5287
45 5288
45 5289
45 5290
45 5291
45 5292
45 5293
45 5294
45 5295
45 5296
45 5297
45 5298
45 5299
45 5300
45 5301
45 5302
45 5303
45 5304
45 5305
45 5306
45 5307
45 5308
45 391
46 1
46 3686
46 4
46 5
46 2091
46 7
46 10
46 23
46 24
46 27
46 26
46 25
46 3018
46 2094
46 415
46 404
46 418
46 31
46 32
46 37
46 34
46 35
46 33
46 36
46 38
46 225
46 39
46 3687
46 42
46 43
46 46
46 5309
46 1100
46 1101
46 1102
46 1103
46 1104
46 5310
46 5311
46 5312
46 5313
46 5314
46 5315
46 5316
46 5317
46 5318
46 5319
46 5320
46 4140
46 5321
46 5322
46 2243
46 5323
46 5324
46 5325
46 2487
46 5326
46 2466
46 5327
46 5328
46 5119
46 5329
46 5330
46 5331
46 5332
46 5333
46 5334
46 5335
46 5336
46 5337
46 5338
46 5339
46 5340
46 5341
46 5342
46 5343
46 5344
46 5345
46 5346
46 5347
46 5348
46 5349
46 5350
46 5351
46 5352
46 5353
46 5354
46 5355
46 5356
46 5357
46 5358
46 5359
46 5360
46 5361
46 5362
46 5363
46 5364
46 5365
46 5366
46 5367
46 5368
46 5369
46 5370
46 5371
46 5372
46 5373
46 5374
46 5375
46 5376
46 5377
46 5378
46 5379
46 5380
46 5381
46 5382
46 5383
46 5384
46 5385
46 5386
46 5387
46 5388
46 1129
46 5389
46 5390
46 1125
46 5391
46 5392
46 5393
46 5394
46 1130
46 5395
46 5396
46 5397
46 5398
46 5399
46 5400
46 5401
46 5402
46 5403
46 5404
46 5405
46 5406
46 5407
46 5408
46 5409
46 5410
46 5238
46 5411
46 5412
46 5413
46 5414
46 5415
46 5416
46 1126
46 5417
46 5418
46 5419
46 5420
46 5421
46 5422
46 5423
46 5424
46 5425
46 5426
46 5427
46 5428
46 5429
46 5430
46 5431
46 5432
46 5433
46 5434
46 5435
46 5436
46 5437
46 5438
46 5439
46 5440
46 5441
46 5442
46 5443
46 5444
46 1132
46 5445
46 5446
46 5447
46 5448
46 5449
46 5450
46 5451
46 5452
46 5453
46 5454
46 5455
46 5456
46 5457
46 5458
46 5459
46 5460
46 5461
46 5462
46 5463
46 5464
46 5465
46 391
47 1
47 47
47 2514
47 2489
47 2530
47 5466
47 2531
47 5467
47 2510
47 5468
47 318
47 5469
47 5470
47 5471
47 5472
47 5473
47 5474
47 5475
47 5476
47 5477
47 5478
47 5479
47 5480
47 5481
47 5482
47 5483
47 5484
47 5485
47 5486
47 5487
47 5488
47 5489
47 5490
47 5491
47 5492
47 5493
47 5494
47 5495
47 5496
47 5497
47 5498
47 5499
47 5500
47 5501
47 5502
47 5503
47 2512
47 2509
47 311
47 312
47 313
47 314
47 5504
47 5505
47 5506
47 5507
47 5508
47 5509
47 5510
47 5511
47 5512
47 5513
47 5514
47 5515
47 5516
47 5517
47 5518
47 5519
47 5520
47 5521
47 5522
47 391
48 3
48 593
49 3
49 593
50 3
50 593
51 3
51 593
52 3
52 593
53 3
53 593
54 1
54 391
55 1
55 391
56 1
56 7
56 5523
56 593
56 5524
56 5525
56 5526
56 5527
56 5528
56 391
57 1
57 7
57 5529
57 593
57 5530
57 5531
57 5532
57 5533
57 5534
57 391
58 1
58 7
58 5529
58 593
58 5530
58 5535
58 5531
58 5532
58 5533
58 391
59 1
59 7
59 5529
59 593
59 5530
59 5536
59 5535
59 5533
59 5537
59 391
60 1
60 7
60 5529
60 593
60 5530
60 5533
60 5538
60 5531
60 5539
60 391
61 1
61 7
61 5523
61 593
61 5524
61 5525
61 5527
61 5540
61 5526
61 391
62 1
62 7
62 5523
62 593
62 5524
62 5525
62 5527
62 5528
62 5541
62 391
63 1
63 7
63 5523
63 593
63 5524
63 5528
63 5525
63 5527
63 5542
63 391
64 1
64 7
64 5523
64 593
64 5524
64 5525
64 5528
64 5527
64 5543
64 391
65 1
65 7
65 5544
65 593
65 5545
65 5546
65 5536
65 391
66 1
66 7
66 5544
66 593
66 5545
66 5546
66 5536
66 391
67 1
67 7
67 5529
67 593
67 5547
67 5548
67 5532
67 5549
67 5531
67 391
68 1
68 282
68 5550
68 5551
68 5552
68 281
68 5553
68 5554
68 5555
68 283
68 5556
68 2086
68 5557
68 285
68 5558
68 5559
68 5560
68 5561
68 5562
68 5563
68 5564
68 5565
68 2009
68 2010
68 5566
68 5567
68 5568
68 5569
68 5570
68 5571
68 5572
68 5573
68 5574
68 5575
68 5576
68 5577
68 5578
68 5579
68 5580
68 5581
68 5582
68 5583
68 5584
68 5585
68 5586
68 5587
68 5588
68 5589
68 5590
68 5591
68 5592
68 5593
69 1
69 23
69 5594
69 5595
69 5596
69 5597
69 5598
69 391
70 1
70 23
70 5594
70 593
70 5598
70 5599
70 5600
70 391
71 1
71 5601
71 14
71 593
71 5602
71 5603
71 5604
71 5605
71 5606
71 391
72 1
72 5601
72 14
72 593
72 5603
72 5607
72 5608
72 391
73 1
73 5601
73 14
73 593
73 5609
73 5603
73 5610
73 5607
73 5611
73 391
74 1
74 5601
74 14
74 593
74 5612
74 5602
74 5613
74 5614
74 5603
74 391
75 1
75 5601
75 14
75 593
75 5615
75 5616
75 5617
75 5618
75 391
76 1
76 5601
76 14
76 593
76 5619
76 5620
76 5621
76 391
77 1
77 10
77 37
77 5622
77 593
77 5623
77 5624
77 5625
77 5626
77 5627
77 391
78 1
78 10
78 32
78 593
78 5628
78 5629
78 5630
78 391
79 1
79 10
79 35
79 5631
79 5632
79 5633
79 5634
79 391
80 1
80 10
80 34
80 5635
80 5636
80 5637
80 5638
80 5639
80 5640
80 391
81 1
81 20
81 1569
81 5641
81 5642
81 5643
81 391
82 1
82 90
82 5644
82 5645
82 5610
82 391
83 1
83 5646
83 15
83 593
83 5647
83 5648
83 5618
83 391
84 1
84 5646
84 15
84 593
84 5649
84 5650
84 5651
84 5652
84 5615
84 391
85 1
85 5653
85 362
85 85
85 5654
85 2823
85 5655
85 368
85 5656
85 5657
85 5658
85 5659
85 5660
85 391
86 11
86 1
86 1133
86 1134
86 1135
86 1138
86 378
86 379
86 5661
86 5662
86 5663
86 5664
86 5665
86 5666
87 5667
87 5668
87 5669
87 5670
87 5671
87 5672
87 5673
87 5674
87 5675
87 5676
87 5677
87 5678
87 5679
87 5680
87 5681
87 5682
87 5683
87 5684
87 5685
87 5686
87 5687
87 5688
87 5689
87 5690
87 5691
87 5692
87 5693
87 5694
87 5695
87 5696
87 5697
87 5698
87 5699
87 5700
87 5701
87 5702
87 5703
87 5704
88 1
88 5705
88 5706
88 425
88 5707
88 2372
88 5708
88 5709
88 5710
88 5711
88 5712
88 5713
88 5714
88 5715
88 5716
88 5717
88 5718
88 5719
88 5720
88 5721
88 5722
88 5723
88 5724
88 5725
88 5726
88 5727
88 5728
88 5729
88 5730
88 5731
88 88
88 5732
88 5733
88 5734
88 5735
88 5736
88 5737
88 5738
88 5739
88 5740
88 5741
88 5742
88 5743
88 5744
88 5745
88 5746
88 5747
88 5748
88 5749
88 5750
88 5751
88 5752
88 5753
88 5754
88 5755
88 5756
88 5757
88 5758
88 5759
88 5760
88 5761
88 5762
88 5763
88 5764
88 5765
88 5766
88 5767
88 5768
88 5769
88 5770
88 5771
88 5772
88 5773
88 5774
88 5775
88 5776
88 5777
88 2344
88 2360
88 575
88 576
88 5778
88 5779
88 5780
88 5781
88 5782
89 1
89 25
89 5783
89 5784
89 5785
89 5786
89 5787
89 5788
89 5789
89 5790
89 5791
89 5792
89 5793
89 5794
89 5795
89 5796
89 5797
89 5798
89 5799
89 5800
89 5801
89 5802
89 5803
89 5804
89 5805
89 5806
89 5807
89 5808
89 5809
89 5810
89 5811
89 5812
89 5813
89 5814
89 5815
89 5816
89 5817
89 5818
89 5819
89 5820
89 5821
89 5822
89 5823
89 5824
89 5825
89 5826
89 5827
89 5828
89 5829
89 5830
89 5831
89 5832
89 5833
89 5834
89 5835
89 5836
89 5837
89 5838
89 5839
89 5840
89 5841
89 5842
89 5843
89 5844
89 5845
89 5846
89 5847
89 5848
89 5849
89 5850
89 5851
89 5852
89 5853
89 5854
89 5855
89 5856
89 5857
89 5858
89 5859
89 5860
89 5861
89 5862
89 5863
89 5864
89 5865
89 5866
89 5867
89 5868
89 5869
89 5870
89 5871
89 5872
89 5873
89 5874
89 5875
89 5876
89 5877
89 5878
89 5879
89 5880
89 5881
89 5882
89 5883
89 5884
89 5885
89 5886
89 5887
89 5888
89 5889
89 5890
89 5891
89 5892
89 5893
89 5894
89 5895
89 1568
89 1569
89 1570
89 1571
89 1572
89 1573
89 1574
89 1575
89 1576
89 1577
89 1578
89 1579
89 1580
89 1581
89 391
90 1
90 5896
90 577
90 5897
90 21
90 20
90 19
90 4
90 576
90 571
90 5898
90 5899
90 5900
90 5901
90 5902
90 5903
90 5904
90 5905
90 82
90 5906
90 5907
90 5908
90 5909
90 5910
90 5911
90 5912
90 5913
90 5914
90 5915
90 5916
90 5917
90 5918
90 5919
90 5920
90 5921
90 5922
90 5923
90 5924
90 5925
90 5926
90 5927
90 5928
90 5929
90 5930
90 5931
90 5932
90 5933
90 5934
90 5935
90 5936
90 5937
90 5938
90 5939
90 5940
90 5941
90 5942
90 5943
90 5944
90 5945
90 5946
90 5947
90 5948
90 5949
90 5950
90 5951
90 5952
90 5953
90 5954
90 5955
90 5956
90 5957
90 5958
90 5959
90 5960
90 5961
90 5962
90 5963
90 5964
90 5965
90 5966
90 5967
90 5968
90 5969
90 5970
90 5971
90 5972
90 5973
90 5974
90 5975
90 5976
90 5977
90 5978
90 5979
90 5980
90 5981
90 5982
90 5983
90 5984
90 5985
90 5986
90 5987
90 5988
90 5989
90 5990
90 5991
90 5992
90 5993
90 5994
90 5995
90 5996
90 5997
90 5998
90 5999
90 6000
90 6001
90 6002
90 6003
90 6004
90 6005
90 6006
90 6007
90 6008
90 6009
90 6010
90 6011
90 6012
90 6013
90 6014
90 6015
90 6016
90 6017
90 6018
90 6019
90 6020
90 6021
90 6022
90 6023
90 6024
90 6025
90 6026
90 6027
90 6028
90 6029
90 6030
90 6031
90 6032
90 6033
90 6034
90 6035
90 6036
90 6037
90 6038
90 6039
90 6040
90 6041
90 6042
90 6043
90 6044
90 6045
90 6046
90 6047
90 6048
90 6049
90 6050
90 6051
90 6052
90 6053
90 6054
90 6055
90 6056
90 6057
90 6058
90 6059
90 6060
90 6061
90 6062
90 6063
90 6064
90 6065
90 6066
90 6067
90 6068
90 6069
90 6070
90 6071
90 6072
90 6073
90 6074
90 6075
90 6076
90 6077
90 6078
90 6079
90 6080
90 6081
90 391
91 1
91 25
91 6082
91 6083
91 6084
91 6085
91 4
91 6086
91 6087
91 6088
91 6089
91 6090
91 6091
91 6092
91 6093
91 6094
91 6095
91 6096
91 6097
91 6098
91 6099
91 6100
91 6101
91 6102
91 6103
91 6104
91 6105
91 6106
91 6107
91 6108
91 6109
91 6110
91 6111
91 6112
91 6113
91 6114
91 1060
91 391
92 1
92 20
92 593
92 5641
92 6115
92 6116
92 391
93 1
93 1820
93 511
93 1569
93 593
93 6117
93 5657
93 5643
93 6118
93 6119
93 391
94 1
94 20
94 1568
94 593
94 6120
94 6121
94 6122
94 391
95 1
95 1820
95 511
95 5653
95 593
95 6123
95 6120
95 6124
95 6125
95 391
96 1
96 1820
96 511
96 5653
96 593
96 6120
96 6123
96 5657
96 6125
96 391
97 1
97 20
97 22
97 593
97 6126
97 6127
97 6128
97 391
98 1
98 20
98 1574
98 593
98 6129
98 6130
98 6131
98 391
99 1
99 20
99 1576
99 593
99 6131
99 6132
99 6133
99 391
100 1
100 20
100 22
100 593
100 6127
100 6126
100 6134
100 391
101 1
101 20
101 22
101 593
101 6126
101 6135
101 6127
101 6136
101 391
